 158 160 161 160 158 162 165 167 167 166 165 162 165 168 172 175
 163 163 164 163 161 163 163 166 166 166 167 168 169 170 173 175
 160 160 161 161 161 160 159 163 162 166 168 169 169 170 171 172
 159 159 162 163 163 163 164 163 162 166 168 168 168 170 171 171
 159 157 157 158 156 157 161 163 162 165 168 169 169 170 171 171
 158 153 142 142 143 145 151 160 162 165 167 167 168 169 170 171
 160  77  28  31  32  40  79 160 162 166 166 167 167 169 170 173
 158  73  17  17  17  24  51 159 162 164 166 166 166 168 169 172
 159  77  21  23  16  24  51 158 162 163 165 165 166 167 168 171
 160  68  20  22  20  24  68 159 162 163 164 166 168 168 170 172
 162  81  31  32  34  40  68 160 163 163 164 166 168 168 169 172
 162 126  95 119 119 114 112 158 162 163 163 166 167 167 168 171
 156 165 163 164 163 164 159 160 162 162 163 165 167 167 168 170
 158 160 158 158 158 160 159 161 162 162 163 165 168 169 169 168
 156 158 158 158 159 160 160 160 161 162 163 165 167 167 167 166
 155 156 158 158 159 159 159 159 160 161 162 163 163 164 165 165
 155 154 154 156 157 156 157 158 158 159 160 161 162 164 165 165
 153 154 154 155 156 158 158 159 159 160 161 160 161 164 165 165
 154 155 154 155 156 156 157 158 159 159 160 161 161 163 164 165
 154 155 154 155 156 155 155 157 158 159 160 160 161 163 164 164
 154 155 155 155 156 156 156 157 159 159 160 161 161 163 164 164
 153 154 153 155 157 157 157 157 158 159 159 160 160 162 162 162
 154  65  36  42  45  49  91 160 157 159 159 160 160 162 162 162
 154  59  19  20  22  21  54 158 157 158 159 159 159 161 161 161
 154  59  16  18  22  21  52 158 157 157 158 158 159 160 160 160
 155  52  21  20  23  22  68 158 156 156 157 157 158 158 159 160
 153  60  21  21  21  24  63 156 156 156 157 156 157 157 158 160
 153  96  71  94  94  94 102 155 155 156 156 156 156 157 158 159
 152 151 153 154 155 155 153 155 155 155 156 156 156 157 158 158
 151 149 152 152 152 152 153 154 155 155 155 156 157 158 158 160
 151 151 151 151 152 153 153 153 154 155 155 156 157 157 158 159
 150 150 151 151 152 152 152 152 153 154 154 155 156 156 157 158
 152 155 155 153 153 157 158 157 158 160 159 161 162 163 164 164
 154 154 154 154 153 156 156 156 156 157 157 160 160 160 162 163
 152 152 153 154 154 155 153 152 153 154 156 159 158 158 159 160
 152 153 153 153 153 155 154 152 153 154 156 158 157 158 159 159
 152 152 152 153 153 155 154 152 153 154 156 159 158 158 159 159
 150 152 153 155 156 155 153 152 153 154 155 157 157 157 157 157
 149  72  56  61  66  70 102 154 152 154 154 155 155 157 157 157
 145  59  20  20  21  28  69 152 152 153 154 154 154 156 156 156
 144  58  16  18  19  25  65 151 152 152 153 153 154 155 155 155
 145  49  16  16  19  23  78 149 151 151 151 152 153 154 154 153
 143  53  16  17  18  20  65 149 151 151 151 151 152 152 153 152
 141  82  57  78  76  75  94 150 150 150 150 150 151 150 150 151
 141 142 141 141 140 141 148 150 150 150 150 150 151 150 150 150
 143 146 147 146 147 147 148 149 149 148 149 149 149 148 148 149
 143 145 146 146 146 147 147 147 148 147 149 149 149 148 148 148
 142 144 145 146 146 146 146 146 148 147 148 148 147 147 146 147

 175 175 172 171 171 171 173 172 171 172 172 171 170 168 166 165
 172 173 171 171 171 170 170 169 168 170 169 168 168 169 167 165
 168 170 170 170 170 169 169 168 167 168 168 167 167 169 167 164
 165 169 169 168 169 168 167 166 166 168 168 167 167 168 167 163
 162 168 169 168 169 167 167 166 165 166 166 166 165 165 165 163
 165 167 168 168 168 167 166 166 165 164 164 163 163 163 163 162
 166 166 166 166 165 165 166 164 163 163 163 163 162 162 162 161
 167 166 162 162 162 162 162 162 162 162 163 162 162 162 161 160
 167 166 163 163 163 160 160 159 158 159 160 158 160 161 160 159
 165 163 159 164 161 151  79  51  51  68  68 112 159 159 160 159
 162 163 160 163 157 145  40  24  24  24  40 114 164 160 160 159
 158 161 161 163 156 143  32  17  16  20  34 119 163 158 159 159
 160 163 161 163 158 142  31  17  23  22  32 119 164 158 158 158
 161 164 161 162 157 142  28  17  21  20  31  95 163 158 158 158
 160 163 160 159 157 153  77  73  77  68  81 126 165 160 158 156
 158 163 160 159 159 158 160 158 159 160 162 162 156 158 156 155
 165 165 165 164 164 162 162 161 160 160 160 159 158 160 159 158
 165 165 164 164 164 162 162 161 160 159 158 158 158 158 158 157
 164 164 163 163 163 162 162 161 160 158 157 157 157 158 157 156
 162 161 161 161 161 160 160 159 159 158 157 156 156 157 157 156
 161 160 161 160 161 160 160 159 158 157 156 156 156 156 156 155
 160 161 160 160 160 159 159 159 158 157 157 156 156 155 155 154
 159 160 159 159 159 159 159 158 157 156 156 156 155 155 155 154
 158 159 159 158 159 158 157 157 157 156 156 155 155 155 154 153
 158 159 158 157 157 157 160 158 158 158 156 155 155 154 153 152
 157 158 157 155 156 157  91  54  52  68  63 102 153 153 153 152
 156 158 156 155 156 157  49  21  21  22  24  94 155 152 153 152
 157 156 156 156 156 157  45  22  22  23  21  94 155 152 152 152
 156 155 155 155 155 155  42  20  18  20  21  94 154 152 151 151
 154 154 154 154 155 153  36  19  16  21  21  71 153 152 151 151
 154 154 155 155 155 154  65  59  59  52  60  96 151 149 151 150
 155 153 154 154 154 153 154 154 154 155 153 153 152 151 151 150
 164 163 160 159 159 157 157 156 155 153 152 151 150 149 148 147
 164 162 159 159 159 157 157 156 155 154 153 150 150 148 148 146
 163 160 158 158 158 157 157 156 155 154 152 150 150 148 148 147
 162 160 158 157 158 157 155 154 154 153 152 151 151 149 149 147
 161 160 159 158 159 157 155 154 153 152 151 150 150 149 149 148
 159 157 156 156 156 155 154 154 153 151 151 150 150 149 149 148
 160 157 154 154 154 154 154 153 152 151 151 150 150 148 147 147
 158 156 153 153 153 153 152 152 152 151 151 150 150 149 148 148
 157 156 152 152 152 152 154 152 151 149 149 150 150 149 147 146
 158 156 153 154 154 153 102  69  65  78  65  94 148 148 147 146
 157 156 155 155 155 155  70  28  25  23  20  75 141 147 147 146
 153 153 154 153 153 156  66  21  19  19  18  76 140 147 146 146
 153 154 154 153 153 155  61  20  18  16  17  78 141 146 146 146
 155 154 153 153 152 153  56  20  16  16  16  57 141 147 146 145
 155 154 152 153 152 152  72  59  58  49  53  82 142 146 145 144
 152 154 152 152 152 150 149 145 144 145 143 141 141 143 143 142

 165 165 164 163 163 162 161 160 159 159 159 159 158 158 156 155
 166 167 167 167 165 163 162 161 160 160 160 159 158 158 158 156
 168 169 169 168 165 163 162 162 161 159 160 158 158 158 160 158
 170 168 167 167 165 163 162 162 160 159 164 163 164 163 165 156
 171 168 167 167 166 163 163 162 158 112 114 119 119  95 126 162
 172 169 168 168 166 164 163 163 160  68  40  34  32  31  81 162
 172 170 168 168 166 164 163 162 159  68  24  20  22  20  68 160
 171 168 167 166 165 165 163 162 158  51  24  16  23  21  77 159
 172 169 168 166 166 166 164 162 159  51  24  17  17  17  73 158
 173 170 169 167 167 166 166 162 160  79  40  32  31  28  77 160
 171 170 169 168 167 167 165 162 160 151 145 143 142 142 153 158
 171 171 170 169 169 168 165 162 163 161 157 156 158 157 157 159
 171 171 170 168 168 168 166 162 163 164 163 163 163 162 159 159
 172 171 170 169 169 168 166 162 163 159 160 161 161 161 160 160
 175 173 170 169 168 167 166 166 166 163 163 161 163 164 163 163
 175 172 168 165 162 165 166 167 167 165 162 158 160 161 160 158
 158 157 156 156 155 154 154 153 152 152 152 152 151 151 150 150
 159 158 157 157 156 155 155 154 153 153 153 152 151 151 151 151
 160 158 158 157 156 155 155 155 154 153 152 152 152 152 149 151
 158 158 157 156 156 156 155 155 155 153 155 155 154 153 151 152
 159 158 157 156 156 156 156 155 155 102  94  94  94  71  96 153
 160 158 157 157 156 157 156 156 156  63  24  21  21  21  60 153
 160 159 158 158 157 157 156 156 158  68  22  23  20  21  52 155
 160 160 160 159 158 158 157 157 158  52  21  22  18  16  59 154
 161 161 161 159 159 159 158 157 158  54  21  22  20  19  59 154
 162 162 162 160 160 159 159 157 160  91  49  45  42  36  65 154
 162 162 162 160 160 159 159 158 157 157 157 157 155 153 154 153
 164 164 163 161 161 160 159 159 157 156 156 156 155 155 155 154
 164 164 163 161 160 160 159 158 157 155 155 156 155 154 155 154
 165 164 163 161 161 160 159 159 158 157 156 156 155 154 155 154
 165 165 164 161 160 161 160 159 159 158 158 156 155 154 154 153
 165 165 164 162 161 160 159 158 158 157 156 157 156 154 154 155
 147 146 147 147 148 148 147 148 146 146 146 146 146 145 144 142
 148 148 148 149 149 149 147 148 147 147 147 146 146 146 145 143
 149 148 148 149 149 149 148 149 149 148 147 147 146 147 146 143
 150 150 150 151 150 150 150 150 150 148 141 140 141 141 142 141
 151 150 150 151 150 150 150 150 150  94  75  76  78  57  82 141
 152 153 152 152 151 151 151 151 149  65  20  18  17  16  53 143
 153 154 154 153 152 151 151 151 149  78  23  19  16  16  49 145
 155 155 155 154 153 153 152 152 151  65  25  19  18  16  58 144
 156 156 156 154 154 154 153 152 152  69  28  21  20  20  59 145
 157 157 157 155 155 154 154 152 154 102  70  66  61  56  72 149
 157 157 157 157 157 155 154 153 152 153 155 156 155 153 152 150
 159 159 158 158 159 156 154 153 152 154 155 153 153 152 152 152
 159 159 158 157 158 156 154 153 152 154 155 153 153 153 153 152
 160 159 158 158 159 156 154 153 152 153 155 154 154 153 152 152
 163 162 160 160 160 157 157 156 156 156 156 153 154 154 154 154
 164 164 163 162 161 159 160 158 157 158 157 153 153 155 155 152

 155 156 158 156 162 162 160 159 158 160 158 159 159 160 163 158
 156 158 160 165 126  81  68  77  73  77 153 157 159 160 163 160
 158 158 158 163  95  31  20  21  17  28 142 157 162 161 164 161
 158 158 158 164 119  32  22  23  17  31 142 158 163 161 163 160
 159 159 158 163 119  34  20  16  17  32 143 156 163 161 161 158
 159 160 160 164 114  40  24  24  24  40 145 157 163 160 163 162
 159 160 159 159 112  68  68  51  51  79 151 161 164 159 163 165
 159 160 161 160 158 160 159 158 159 160 160 163 163 163 166 167
 160 161 162 162 162 163 162 162 162 162 162 162 162 162 166 167
 161 162 162 162 163 163 163 163 164 166 165 165 166 166 166 166
 162 163 163 163 163 164 164 165 166 166 167 168 168 168 167 165
 163 165 165 165 166 166 166 165 166 167 167 169 168 169 168 162
 163 167 168 167 167 168 168 166 166 167 168 169 168 169 169 165
 164 167 169 167 167 168 168 167 168 169 169 170 170 170 170 168
 165 167 169 168 168 169 170 168 169 170 170 171 171 171 173 172
 165 166 168 170 171 172 172 171 172 173 171 171 171 172 175 175
 150 151 151 152 153 153 155 154 154 154 153 154 154 154 153 155
 150 151 149 151  96  60  52  59  59  65 154 155 155 155 154 154
 151 151 152 153  71  21  21  16  19  36 153 155 154 154 154 154
 151 151 152 154  94  21  20  18  20  42 155 155 155 155 155 156
 152 152 152 155  94  21  23  22  22  45 157 156 156 156 156 157
 152 153 152 155  94  24  22  21  21  49 157 156 155 156 158 156
 152 153 153 153 102  63  68  52  54  91 157 156 155 157 158 157
 152 153 154 155 155 156 158 158 158 160 157 157 157 158 159 158
 153 154 155 155 155 156 156 157 157 157 158 159 158 159 159 158
 154 155 155 155 156 156 156 157 158 159 159 159 159 159 160 159
 154 155 155 156 156 157 157 158 159 159 159 160 160 160 161 160
 155 156 156 156 156 156 157 158 159 160 160 161 160 161 160 161
 156 157 157 156 156 157 158 159 159 160 160 161 161 161 161 162
 156 157 158 157 157 157 158 160 161 162 162 163 163 163 164 164
 157 158 158 158 158 158 159 160 161 162 162 164 164 164 165 165
 158 159 160 158 159 160 160 160 161 162 162 164 164 165 165 165
 142 143 143 141 141 143 145 144 145 149 150 152 152 152 154 152
 144 145 146 142  82  53  49  58  59  72 152 152 153 152 154 155
 145 146 147 141  57  16  16  16  20  56 153 152 153 153 154 155
 146 146 146 141  78  17  16  18  20  61 155 153 153 154 154 153
 146 146 147 140  76  18  19  19  21  66 156 153 153 154 153 153
 146 147 147 141  75  20  23  25  28  70 155 155 155 155 156 157
 146 147 148 148  94  65  78  65  69 102 153 154 154 153 156 158
 146 147 149 150 150 149 149 151 152 154 152 152 152 152 156 157
 148 148 149 150 150 151 151 152 152 152 153 153 153 153 156 158
 147 147 148 150 150 151 151 152 153 154 154 154 154 154 157 160
 148 149 149 150 150 151 151 153 154 154 155 156 156 156 157 159
 148 149 149 150 150 151 152 153 154 155 157 159 158 159 160 161
 147 149 149 151 151 152 153 154 154 155 157 158 157 158 160 162
 147 148 148 150 150 152 154 155 156 157 157 158 158 158 160 163
 146 148 148 150 150 153 154 155 156 157 157 159 159 159 162 164
 147 148 149 150 151 152 153 155 156 157 157 159 159 160 163 164

