 169 170 170 170 171 172 177 175 175 178 180 183 184 184 185 186
 168 169 169 170 172 173 174 174 176 177 178 182 183 185 185 184
 168 168 169 170 171 173 173 173 175 177 177 182 182 184 185 185
 163 162 163 168 169 171 173 173 175 176 177 182 182 182 183 184
 104 100 100 106 115 156 173 173 176 177 178 181 181 183 183 183
  21  13  17  15   9 147 172 174 175 177 178 180 181 186 185 184
  29  21  23  22  19 158 171 174 175 176 177 178 179 184 185 185
  26  21  22  26  28 151 172 173 174 177 178 178 179 184 185 185
  28  28  28  28  27 147 170 173 176 177 178 180 179 180 182 183
  48  46  48  51  44 131 157 161 162 166 167 167 167 169 171 175
 166 165 170 169 165  76  43  44  51  52  50  57  61  63  57  88
 165 163 164 166 171  61  21  22  26  30  29  29  29  30  31  66
 165 167 168 169 170  56  25  24  26  31  30  29  30  31  29  68
 164 166 167 169 173  54  25  24  25  29  29  29  31  33  31  65
 165 166 167 169 171  71  41  38  35  40  37  35  39  41  41  73
 164 165 168 169 169 119  98 104 103 102  95  95  99 105 102 113
 167 168 168 171 171 170 173 174 176 176 177 178 179 181 182 182
 166 167 168 170 171 171 174 174 174 175 176 178 179 181 182 182
 165 166 168 170 170 171 173 173 173 175 175 178 179 182 182 182
 166 167 168 169 170 170 172 172 173 174 175 178 178 180 181 181
 118 116 113 120 126 165 172 172 173 174 176 178 178 179 179 180
  21  25  24  22  16 161 171 172 172 174 175 178 179 179 178 179
  21  26  25  25  17 166 170 172 172 173 174 176 176 177 178 178
  21  25  24  24  29 162 170 171 172 172 173 175 176 177 177 178
  20  24  25  27  26 159 170 172 173 173 173 174 175 176 177 176
  30  30  29  32  27 150 168 169 169 171 172 172 174 177 175 176
 157 156 157 156 156  80  56  57  63  63  63  66  70  76  69 104
 164 164 166 167 169  53  27  26  26  28  29  31  28  30  32  80
 162 163 165 165 167  43  28  28  27  29  29  30  30  31  32  87
 162 164 164 164 167  42  29  28  26  29  28  31  29  30  32  85
 163 164 164 164 166  49  28  30  30  28  29  32  31  29  31  80
 162 163 163 164 166  97  78  84  85  82  78  82  84  85  78 102
 166 167 167 171 172 172 174 173 173 174 176 178 179 177 179 180
 165 166 167 170 171 172 172 172 173 174 175 176 177 177 179 180
 164 165 167 170 171 172 171 171 172 174 174 177 177 176 178 179
 164 165 166 167 172 170 170 171 172 173 174 177 176 174 176 178
 129 131 129 137 143 165 169 169 170 172 173 174 174 174 175 177
  24  28  31  29  37 158 168 169 169 171 172 172 173 174 173 174
  21  21  22  25  30 163 167 169 169 170 171 170 171 172 173 173
  25  25  24  24  41 158 167 168 168 169 170 169 170 172 172 173
  22  22  22  22  35 153 163 164 164 167 168 169 170 169 168 173
  21  20  21  22  34 149 169 171 173 172 170 172 171 175 173 173
 143 143 142 138 136  88  69  70  77  73  73  71  76  83  78 114
 152 157 157 156 153  54  25  27  28  28  27  28  29  30  31  83
 156 156 158 159 152  39  24  23  24  27  28  25  27  29  28  86
 155 157 157 158 152  37  20  22  24  24  29  24  26  29  26  82
 156 157 157 158 151  38  23  22  21  23  27  24  27  29  26  80
 155 156 157 158 152  81  61  60  60  64  64  65  69  71  63  95

 186 184 185 184 183 184 185 185 183 175  88  66  68  65  73 113
 185 185 185 183 183 185 185 185 182 171  57  31  29  31  41 102
 184 185 184 182 183 186 184 184 180 169  63  30  31  33  41 105
 184 183 182 182 181 181 179 179 179 167  61  29  30  31  39  99
 183 182 182 182 181 180 178 178 180 167  57  29  29  29  35  95
 180 178 177 177 178 178 177 178 178 167  50  29  30  29  37  95
 178 177 177 176 177 177 176 177 177 166  52  30  31  29  40 102
 175 176 175 175 176 175 175 174 176 162  51  26  26  25  35 103
 175 174 173 173 173 174 174 173 173 161  44  22  24  24  38 104
 177 174 173 173 173 172 171 172 170 157  43  21  25  25  41  98
 172 173 173 171 156 147 158 151 147 131  76  61  56  54  71 119
 171 172 171 169 115   9  19  28  27  44 165 171 170 173 171 169
 170 170 170 168 106  15  22  26  28  51 169 166 169 169 169 169
 170 169 169 163 100  17  23  22  28  48 170 164 168 167 167 168
 170 169 168 162 100  13  21  21  28  46 165 163 167 166 166 165
 169 168 168 163 104  21  29  26  28  48 166 165 165 164 165 164
 182 182 182 181 180 179 178 178 176 176 104  80  87  85  80 102
 182 182 182 181 179 178 178 177 177 175  69  32  32  32  31  78
 181 181 182 180 179 179 177 177 176 177  76  30  31  30  29  85
 179 179 179 178 178 179 176 176 175 174  70  28  30  29  31  84
 178 178 178 178 178 178 176 175 174 172  66  31  30  31  32  82
 177 176 175 175 176 175 174 173 173 172  63  29  29  28  29  78
 176 175 175 174 174 174 173 172 173 171  63  28  29  29  28  82
 176 174 173 173 173 172 172 172 173 169  63  26  27  26  30  85
 174 174 173 172 172 172 172 171 172 169  57  26  28  28  30  84
 173 174 173 172 172 171 170 170 170 168  56  27  28  29  28  78
 170 171 171 170 165 161 166 162 159 150  80  53  43  42  49  97
 171 171 170 170 126  16  17  29  26  27 156 169 167 167 166 166
 171 170 170 169 120  22  25  24  27  32 156 167 165 164 164 164
 168 168 168 168 113  24  25  24  25  29 157 166 165 164 164 163
 168 167 166 167 116  25  26  25  24  30 156 164 163 164 164 163
 167 166 165 166 118  21  21  21  20  30 157 164 162 162 163 162
 180 180 179 178 177 174 173 173 173 173 114  83  86  82  80  95
 179 179 178 176 175 173 173 172 168 173  78  31  28  26  26  63
 177 177 176 174 174 174 172 172 169 175  83  30  29  29  29  71
 179 177 177 176 174 173 171 170 170 171  76  29  27  26  27  69
 178 176 177 177 174 172 170 169 169 172  71  28  25  24  24  65
 176 175 174 174 173 172 171 170 168 170  73  27  28  29  27  64
 174 174 174 173 172 171 170 169 167 172  73  28  27  24  23  64
 173 173 172 172 170 169 169 168 164 173  77  28  24  24  21  60
 173 172 171 171 169 169 169 168 164 171  70  27  23  22  22  60
 174 172 171 170 169 168 167 167 163 169  69  25  24  20  23  61
 172 172 172 170 165 158 163 158 153 149  88  54  39  37  38  81
 172 171 171 172 143  37  30  41  35  34 136 153 152 152 151 152
 171 170 170 167 137  29  25  24  22  22 138 156 159 158 158 158
 167 167 167 166 129  31  22  24  22  21 142 157 158 157 157 157
 167 166 165 165 131  28  21  25  22  20 143 157 156 157 157 156
 166 165 164 164 129  24  21  25  22  21 143 152 156 155 156 155

 113 102 105  99  95  95 102 103 104  98 119 169 169 168 165 164
  73  41  41  39  35  37  40  35  38  41  71 171 169 167 166 165
  65  31  33  31  29  29  29  25  24  25  54 173 169 167 166 164
  68  29  31  30  29  30  31  26  24  25  56 170 169 168 167 165
  66  31  30  29  29  29  30  26  22  21  61 171 166 164 163 165
  88  57  63  61  57  50  52  51  44  43  76 165 169 170 165 166
 175 171 169 167 167 167 166 162 161 157 131  44  51  48  46  48
 183 182 180 179 180 178 177 176 173 170 147  27  28  28  28  28
 185 185 184 179 178 178 177 174 173 172 151  28  26  22  21  26
 185 185 184 179 178 177 176 175 174 171 158  19  22  23  21  29
 184 185 186 181 180 178 177 175 174 172 147   9  15  17  13  21
 183 183 183 181 181 178 177 176 173 173 156 115 106 100 100 104
 184 183 182 182 182 177 176 175 173 173 171 169 168 163 162 163
 185 185 184 182 182 177 177 175 173 173 173 171 170 169 168 168
 184 185 185 183 182 178 177 176 174 174 173 172 170 169 169 168
 186 185 184 184 183 180 178 175 175 177 172 171 170 170 170 169
 102  78  85  84  82  78  82  85  84  78  97 166 164 163 163 162
  80  31  29  31  32  29  28  30  30  28  49 166 164 164 164 163
  85  32  30  29  31  28  29  26  28  29  42 167 164 164 164 162
  87  32  31  30  30  29  29  27  28  28  43 167 165 165 163 162
  80  32  30  28  31  29  28  26  26  27  53 169 167 166 164 164
 104  69  76  70  66  63  63  63  57  56  80 156 156 157 156 157
 176 175 177 174 172 172 171 169 169 168 150  27  32  29  30  30
 176 177 176 175 174 173 173 173 172 170 159  26  27  25  24  20
 178 177 177 176 175 173 172 172 171 170 162  29  24  24  25  21
 178 178 177 176 176 174 173 172 172 170 166  17  25  25  26  21
 179 178 179 179 178 175 174 172 172 171 161  16  22  24  25  21
 180 179 179 178 178 176 174 173 172 172 165 126 120 113 116 118
 181 181 180 178 178 175 174 173 172 172 170 170 169 168 167 166
 182 182 182 179 178 175 175 173 173 173 171 170 170 168 166 165
 182 182 181 179 178 176 175 174 174 174 171 171 170 168 167 166
 182 182 181 179 178 177 176 176 174 173 170 171 171 168 168 167
  95  63  71  69  65  64  64  60  60  61  81 152 158 157 156 155
  80  26  29  27  24  27  23  21  22  23  38 151 158 157 157 156
  82  26  29  26  24  29  24  24  22  20  37 152 158 157 157 155
  86  28  29  27  25  28  27  24  23  24  39 152 159 158 156 156
  83  31  30  29  28  27  28  28  27  25  54 153 156 157 157 152
 114  78  83  76  71  73  73  77  70  69  88 136 138 142 143 143
 173 173 175 171 172 170 172 173 171 169 149  34  22  21  20  21
 173 168 169 170 169 168 167 164 164 163 153  35  22  22  22  22
 173 172 172 170 169 170 169 168 168 167 158  41  24  24  25  25
 173 173 172 171 170 171 170 169 169 167 163  30  25  22  21  21
 174 173 174 173 172 172 171 169 169 168 158  37  29  31  28  24
 177 175 174 174 174 173 172 170 169 169 165 143 137 129 131 129
 178 176 174 176 177 174 173 172 171 170 170 172 167 166 165 164
 179 178 176 177 177 174 174 172 171 171 172 171 170 167 165 164
 180 179 177 177 176 175 174 173 172 172 172 171 170 167 166 165
 180 179 177 179 178 176 174 173 173 174 172 172 171 167 167 166

 164 165 164 165 165 166  48  28  26  29  21 104 163 168 168 169
 165 166 166 167 163 165  46  28  21  21  13 100 162 168 169 170
 168 167 167 168 164 170  48  28  22  23  17 100 163 169 169 170
 169 169 169 169 166 169  51  28  26  22  15 106 168 170 170 170
 169 171 173 170 171 165  44  27  28  19   9 115 169 171 172 171
 119  71  54  56  61  76 131 147 151 158 147 156 171 173 173 172
  98  41  25  25  21  43 157 170 172 171 172 173 173 173 174 177
 104  38  24  24  22  44 161 173 173 174 174 173 173 173 174 175
 103  35  25  26  26  51 162 176 174 175 175 176 175 175 176 175
 102  40  29  31  30  52 166 177 177 176 177 177 176 177 177 178
  95  37  29  30  29  50 167 178 178 177 178 178 177 177 178 180
  95  35  29  29  29  57 167 180 178 178 180 181 182 182 182 183
  99  39  31  30  29  61 167 179 179 179 181 181 182 182 183 184
 105  41  33  31  30  63 169 180 184 184 186 183 182 184 185 184
 102  41  31  29  31  57 171 182 185 185 185 183 183 185 185 185
 113  73  65  68  66  88 175 183 185 185 184 183 184 185 184 186
 162 163 162 162 164 157  30  20  21  21  21 118 166 165 166 167
 163 164 164 163 164 156  30  24  25  26  25 116 167 166 167 168
 163 164 164 165 166 157  29  25  24  25  24 113 168 168 168 168
 164 164 164 165 167 156  32  27  24  25  22 120 169 170 170 171
 166 166 167 167 169 156  27  26  29  17  16 126 170 170 171 171
  97  49  42  43  53  80 150 159 162 166 161 165 170 171 171 170
  78  28  29  28  27  56 168 170 170 170 171 172 172 173 174 173
  84  30  28  28  26  57 169 172 171 172 172 172 172 173 174 174
  85  30  26  27  26  63 169 173 172 172 172 173 173 173 174 176
  82  28  29  29  28  63 171 173 172 173 174 174 174 175 175 176
  78  29  28  29  29  63 172 173 173 174 175 176 175 175 176 177
  82  32  31  30  31  66 172 174 175 176 178 178 178 178 178 178
  84  31  29  30  28  70 174 175 176 176 179 178 178 179 179 179
  85  29  30  31  30  76 177 176 177 177 179 179 180 182 181 181
  78  31  32  32  32  69 175 177 177 178 178 179 181 182 182 182
 102  80  85  87  80 104 176 176 178 178 179 180 181 182 182 182
 155 156 155 156 152 143  21  22  25  21  24 129 164 164 165 166
 156 157 157 156 157 143  20  22  25  21  28 131 165 165 166 167
 157 157 157 158 157 142  21  22  24  22  31 129 166 167 167 167
 158 158 158 159 156 138  22  22  24  25  29 137 167 170 170 171
 152 151 152 152 153 136  34  35  41  30  37 143 172 171 171 172
  81  38  37  39  54  88 149 153 158 163 158 165 170 172 172 172
  61  23  20  24  25  69 169 163 167 167 168 169 170 171 172 174
  60  22  22  23  27  70 171 164 168 169 169 169 171 171 172 173
  60  21  24  24  28  77 173 164 168 169 169 170 172 172 173 173
  64  23  24  27  28  73 172 167 169 170 171 172 173 174 174 174
  64  27  29  28  27  73 170 168 170 171 172 173 174 174 175 176
  65  24  24  25  28  71 172 169 169 170 172 174 177 177 176 178
  69  27  26  27  29  76 171 170 170 171 173 174 176 177 177 179
  71  29  29  29  30  83 175 169 172 172 174 174 174 176 177 177
  63  26  26  28  31  78 173 168 172 173 173 175 176 178 179 179
  95  80  82  86  83 114 173 173 173 173 174 177 178 179 180 180

